shape_id,shape_pt_lat,shape_pt_lon,shape_pt_sequence,shape_dist_traveled
空港線（福岡空港方面行き）,33.5838553,130.3240434,0,0
空港線（福岡空港方面行き）,33.5838441,130.3246103,1,1
空港線（福岡空港方面行き）,33.5838094,130.3254624,2,2
空港線（福岡空港方面行き）,33.5837643,130.3259154,3,50
空港線（福岡空港方面行き）,33.5836133,130.3271041,4,250
空港線（福岡空港方面行き）,33.5835927,130.327447,5,300
空港線（福岡空港方面行き）,33.5833309,130.3316796,6,650
空港線（福岡空港方面行き）,33.5832948,130.3318965,7,670
空港線（福岡空港方面行き）,33.5832681,130.3321177,8,700
空港線（福岡空港方面行き）,33.5831281,130.3336974,9,800
空港線（福岡空港方面行き）,33.5830074,130.3345961,10,900
空港線（福岡空港方面行き）,33.5829358,130.3349669,11,950
空港線（福岡空港方面行き）,33.5828166,130.3354491,12,1000
空港線（福岡空港方面行き）,33.5827223,130.3357735,13,1050
空港線（福岡空港方面行き）,33.582498,130.3364545,14,1100
空港線（福岡空港方面行き）,33.5822468,130.3371262,15,1200
空港線（福岡空港方面行き）,33.5820324,130.3375964,16,1300
空港線（福岡空港方面行き）,33.5818797,130.3379091,17,1350
空港線（福岡空港方面行き）,33.5813548,130.3388019,18,1400
空港線（福岡空港方面行き）,33.5811926,130.3391111,19,1440
空港線（福岡空港方面行き）,33.5810072,130.3395258,20,1470
空港線（福岡空港方面行き）,33.5808961,130.3400408,21,1500
空港線（福岡空港方面行き）,33.5808181,130.3409404,22,1600
空港線（福岡空港方面行き）,33.5807949,130.3414129,23,1650
空港線（福岡空港方面行き）,33.5808453,130.342473,24,1800
空港線（福岡空港方面行き）,33.5810668,130.3455494,25,2000
空港線（福岡空港方面行き）,33.5812552,130.3469098,26,2150
空港線（福岡空港方面行き）,33.5813309,130.3483373,27,2300
空港線（福岡空港方面行き）,33.5813996,130.3490181,28,2400
空港線（福岡空港方面行き）,33.5814595,130.3492507,29,2450
空港線（福岡空港方面行き）,33.5818164,130.3503879,30,2550
空港線（福岡空港方面行き）,33.581865,130.3506078,31,2600
空港線（福岡空港方面行き）,33.5831014,130.357771,32,3150
空港線（福岡空港方面行き）,33.5833718,130.3586957,33,3200
空港線（福岡空港方面行き）,33.5834461,130.3589216,34,3250
空港線（福岡空港方面行き）,33.5834963,130.3590712,35,3300
空港線（福岡空港方面行き）,33.5835563,130.3591724,36,3350
空港線（福岡空港方面行き）,33.5836972,130.3594731,37,3400
空港線（福岡空港方面行き）,33.5839888,130.3599813,38,3450
空港線（福岡空港方面行き）,33.5841489,130.360304,39,3500
空港線（福岡空港方面行き）,33.5855594,130.3623326,40,3550
空港線（福岡空港方面行き）,33.5875601,130.36512,41,3800
空港線（福岡空港方面行き）,33.5899408,130.3694755,42,4100
空港線（福岡空港方面行き）,33.5900579,130.3696914,43,4400
空港線（福岡空港方面行き）,33.5901198,130.3698437,44,4450
空港線（福岡空港方面行き）,33.5901817,130.3700324,45,4500
空港線（福岡空港方面行き）,33.5902426,130.3702552,46,4550
空港線（福岡空港方面行き）,33.5902831,130.3705571,47,4600
空港線（福岡空港方面行き）,33.5903169,130.3708792,48,4650
空港線（福岡空港方面行き）,33.5903543,130.3715073,49,4700
空港線（福岡空港方面行き）,33.5904359,130.3733337,50,4800
空港線（福岡空港方面行き）,33.5904158,130.3746374,51,5000
空港線（福岡空港方面行き）,33.5903059,130.3769263,52,5200
空港線（福岡空港方面行き）,33.5901897,130.3780988,53,5300
空港線（福岡空港方面行き）,33.5901089,130.3787498,54,5400
空港線（福岡空港方面行き）,33.5899872,130.3793111,55,5450
空港線（福岡空港方面行き）,33.5898931,130.3796861,56,5500
空港線（福岡空港方面行き）,33.5892848,130.3816974,57,5700
空港線（福岡空港方面行き）,33.589162,130.3821436,58,5750
空港線（福岡空港方面行き）,33.5890592,130.3825864,59,5800
空港線（福岡空港方面行き）,33.5889564,130.3831625,60,5900
空港線（福岡空港方面行き）,33.5885114,130.3862618,61,6050
空港線（福岡空港方面行き）,33.5884885,130.3864076,62,6100
空港線（福岡空港方面行き）,33.588483,130.386541,63,6150
空港線（福岡空港方面行き）,33.588491,130.3867151,64,6200
空港線（福岡空港方面行き）,33.5887185,130.3884505,65,6300
空港線（福岡空港方面行き）,33.5888055,130.3889418,66,6400
空港線（福岡空港方面行き）,33.5891194,130.3904722,67,6500
空港線（福岡空港方面行き）,33.5901195,130.3949605,68,6900
空港線（福岡空港方面行き）,33.5901821,130.3951595,69,6950
空港線（福岡空港方面行き）,33.5902791,130.3953925,70,7000
空港線（福岡空港方面行き）,33.590607,130.395818,71,7050
空港線（福岡空港方面行き）,33.5907483,130.3960946,72,7100
空港線（福岡空港方面行き）,33.5910431,130.3973837,73,7200
空港線（福岡空港方面行き）,33.5912702,130.3986963,74,7250
空港線（福岡空港方面行き）,33.5913358,130.3990196,75,7300
空港線（福岡空港方面行き）,33.5922625,130.4033441,76,7700
空港線（福岡空港方面行き）,33.5923597,130.4036433,77,7750
空港線（福岡空港方面行き）,33.5924278,130.4037975,78,7800
空港線（福岡空港方面行き）,33.5927944,130.4043906,79,7850
空港線（福岡空港方面行き）,33.5929842,130.4046672,80,7900
空港線（福岡空港方面行き）,33.5932632,130.4049912,81,7950
空港線（福岡空港方面行き）,33.5946989,130.4064616,82,8100
空港線（福岡空港方面行き）,33.5959847,130.4078184,83,8250
空港線（福岡空港方面行き）,33.5962029,130.408188,84,8300
空港線（福岡空港方面行き）,33.5963551,130.4084926,85,8350
空港線（福岡空港方面行き）,33.5965037,130.4088781,86,8400
空港線（福岡空港方面行き）,33.5966062,130.4092059,87,8450
空港線（福岡空港方面行き）,33.5966909,130.4095426,88,8500
空港線（福岡空港方面行き）,33.5967403,130.4099041,89,8600
空港線（福岡空港方面行き）,33.5967576,130.4102122,90,8650
空港線（福岡空港方面行き）,33.5967412,130.4104636,91,8700
空港線（福岡空港方面行き）,33.5966924,130.4107256,92,8750
空港線（福岡空港方面行き）,33.5965619,130.4111649,93,8800
空港線（福岡空港方面行き）,33.596469,130.4114276,94,8850
空港線（福岡空港方面行き）,33.596264,130.4118178,95,8900
空港線（福岡空港方面行き）,33.5942745,130.4144234,96,9100
空港線（福岡空港方面行き）,33.5936733,130.4152241,97,9200
空港線（福岡空港方面行き）,33.5911338,130.4183606,98,9500
空港線（福岡空港方面行き）,33.5906053,130.4190196,99,9550
空港線（福岡空港方面行き）,33.5904383,130.4192783,100,9600
空港線（福岡空港方面行き）,33.5901946,130.419727,101,9650
空港線（福岡空港方面行き）,33.5901543,130.4198359,102,9680
空港線（福岡空港方面行き）,33.590118,130.419983,103,9710
空港線（福岡空港方面行き）,33.5900935,130.4201645,104,9740
空港線（福岡空港方面行き）,33.590075,130.4206079,105,9770
空港線（福岡空港方面行き）,33.5900347,130.4213597,106,9800
空港線（福岡空港方面行き）,33.5900121,130.4221965,107,10000
空港線（福岡空港方面行き）,33.5899348,130.4244345,108,10030
空港線（福岡空港方面行き）,33.5899045,130.4247163,109,10060
空港線（福岡空港方面行き）,33.5898741,130.4248843,110,10090
空港線（福岡空港方面行き）,33.5898133,130.4250685,111,10120
空港線（福岡空港方面行き）,33.5897307,130.4252291,112,10150
空港線（福岡空港方面行き）,33.5896235,130.425406,113,10180
空港線（福岡空港方面行き）,33.5882994,130.4271188,114,10210
空港線（福岡空港方面行き）,33.5881149,130.4275067,115,10500
空港線（福岡空港方面行き）,33.5880654,130.4276335,116,10520
空港線（福岡空港方面行き）,33.5880193,130.4277806,117,10540
空港線（福岡空港方面行き）,33.5879851,130.4279526,118,10560
空港線（福岡空港方面行き）,33.5879678,130.428148,119,10580
空港線（福岡空港方面行き）,33.5879645,130.4283146,120,10600
空港線（福岡空港方面行き）,33.5879704,130.4284715,121,10620
空港線（福岡空港方面行き）,33.5879831,130.4286284,122,10640
空港線（福岡空港方面行き）,33.5880018,130.4288378,123,10660
空港線（福岡空港方面行き）,33.5880261,130.4290595,124,10680
空港線（福岡空港方面行き）,33.5880746,130.4292787,125,10700
空港線（福岡空港方面行き）,33.5881171,130.4294251,126,10720
空港線（福岡空港方面行き）,33.5882176,130.4297064,127,10740
空港線（福岡空港方面行き）,33.5883154,130.4299281,128,10760
空港線（福岡空港方面行き）,33.5884,130.4301039,129,10780
空港線（福岡空港方面行き）,33.5885141,130.4302869,130,10800
空港線（福岡空港方面行き）,33.5887745,130.4306161,131,10850
空港線（福岡空港方面行き）,33.5890381,130.4308346,132,10900
空港線（福岡空港方面行き）,33.5894685,130.4310854,133,10950
空港線（福岡空港方面行き）,33.589824,130.4312875,134,11000
空港線（福岡空港方面行き）,33.5924317,130.4327554,135,11200
空港線（福岡空港方面行き）,33.5956693,130.434568,136,11300
空港線（福岡空港方面行き）,33.5960987,130.4349022,137,11400
空港線（福岡空港方面行き）,33.5964083,130.4351745,138,11500
空港線（福岡空港方面行き）,33.5967297,130.4355035,139,11600
空港線（福岡空港方面行き）,33.5969597,130.4357615,140,11650
空港線（福岡空港方面行き）,33.5973617,130.4362501,141,11700
空港線（福岡空港方面行き）,33.5975613,130.4365404,142,11800
空港線（福岡空港方面行き）,33.597749,130.4368662,143,11900
空港線（福岡空港方面行き）,33.5979051,130.4371786,144,12000
空港線（福岡空港方面行き）,33.5980709,130.4375832,145,12050
空港線（福岡空港方面行き）,33.5982149,130.4379814,146,12100
空港線（福岡空港方面行き）,33.5983968,130.438707,147,12150
空港線（福岡空港方面行き）,33.5985264,130.4394933,148,12200
空港線（福岡空港方面行き）,33.5985886,130.4401087,149,12250
空港線（福岡空港方面行き）,33.5986336,130.4409337,150,12300
空港線（福岡空港方面行き）,33.5986493,130.4412896,151,12400
空港線（福岡空港方面行き）,33.5986495,130.4418056,152,12450
空港線（福岡空港方面行き）,33.5986291,130.4422226,153,12500
空港線（福岡空港方面行き）,33.5986026,130.4425735,154,12550
空港線（福岡空港方面行き）,33.5985548,130.4429922,155,12600
空港線（福岡空港方面行き）,33.5984885,130.4434515,156,12650
空港線（福岡空港方面行き）,33.5983934,130.4439953,157,12700
空港線（福岡空港方面行き）,33.5981992,130.4449284,158,12750
空港線（福岡空港方面行き）,33.5981452,130.4451638,159,12800
空港線（福岡空港方面行き）,33.5973088,130.4481737,160,13000
空港線（福岡空港方面行き）,33.5972037,130.4485568,161,13100
空港線（姪浜方面行き）,33.5972037,130.4485568,0,0
空港線（姪浜方面行き）,33.5973088,130.4481737,1,200
空港線（姪浜方面行き）,33.5981452,130.4451638,2,250
空港線（姪浜方面行き）,33.5981992,130.4449284,3,300
空港線（姪浜方面行き）,33.5983934,130.4439953,4,330
空港線（姪浜方面行き）,33.5984885,130.4434515,5,360
空港線（姪浜方面行き）,33.5985548,130.4429922,6,390
空港線（姪浜方面行き）,33.5986026,130.4425735,7,430
空港線（姪浜方面行き）,33.5986291,130.4422226,8,470
空港線（姪浜方面行き）,33.5986495,130.4418056,9,500
空港線（姪浜方面行き）,33.5986493,130.4412896,10,580
空港線（姪浜方面行き）,33.5986336,130.4409337,11,660
空港線（姪浜方面行き）,33.5985886,130.4401087,12,740
空港線（姪浜方面行き）,33.5985264,130.4394933,13,820
空港線（姪浜方面行き）,33.5983968,130.438707,14,900
空港線（姪浜方面行き）,33.5982149,130.4379814,15,950
空港線（姪浜方面行き）,33.5980709,130.4375832,16,1000
空港線（姪浜方面行き）,33.5979051,130.4371786,17,1050
空港線（姪浜方面行き）,33.597749,130.4368662,18,1100
空港線（姪浜方面行き）,33.5975613,130.4365404,19,1150
空港線（姪浜方面行き）,33.5973617,130.4362501,20,1200
空港線（姪浜方面行き）,33.5969597,130.4357615,21,1250
空港線（姪浜方面行き）,33.5967297,130.4355035,22,1300
空港線（姪浜方面行き）,33.5964083,130.4351745,23,1330
空港線（姪浜方面行き）,33.5960987,130.4349022,24,1360
空港線（姪浜方面行き）,33.5956693,130.434568,25,1400
空港線（姪浜方面行き）,33.5924317,130.4327554,26,1800
空港線（姪浜方面行き）,33.589824,130.4312875,27,2100
空港線（姪浜方面行き）,33.5894685,130.4310854,28,2150
空港線（姪浜方面行き）,33.5890381,130.4308346,29,2200
空港線（姪浜方面行き）,33.5887745,130.4306161,30,2250
空港線（姪浜方面行き）,33.5885141,130.4302869,31,2300
空港線（姪浜方面行き）,33.5884,130.4301039,32,2330
空港線（姪浜方面行き）,33.5883154,130.4299281,33,2360
空港線（姪浜方面行き）,33.5882176,130.4297064,34,2380
空港線（姪浜方面行き）,33.5881171,130.4294251,35,2400
空港線（姪浜方面行き）,33.5880746,130.4292787,36,2420
空港線（姪浜方面行き）,33.5880261,130.4290595,37,2440
空港線（姪浜方面行き）,33.5880018,130.4288378,38,2460
空港線（姪浜方面行き）,33.5879831,130.4286284,39,2480
空港線（姪浜方面行き）,33.5879704,130.4284715,40,2500
空港線（姪浜方面行き）,33.5879645,130.4283146,41,2520
空港線（姪浜方面行き）,33.5879678,130.428148,42,2540
空港線（姪浜方面行き）,33.5879851,130.4279526,43,2560
空港線（姪浜方面行き）,33.5880193,130.4277806,44,2580
空港線（姪浜方面行き）,33.5880654,130.4276335,45,2600
空港線（姪浜方面行き）,33.5881149,130.4275067,46,2700
空港線（姪浜方面行き）,33.5882994,130.4271188,47,2800
空港線（姪浜方面行き）,33.5896235,130.425406,48,3000
空港線（姪浜方面行き）,33.5897307,130.4252291,49,3050
空港線（姪浜方面行き）,33.5898133,130.4250685,50,3100
空港線（姪浜方面行き）,33.5898741,130.4248843,51,3120
空港線（姪浜方面行き）,33.5899045,130.4247163,52,3140
空港線（姪浜方面行き）,33.5899348,130.4244345,53,3160
空港線（姪浜方面行き）,33.5900121,130.4221965,54,3180
空港線（姪浜方面行き）,33.5900347,130.4213597,55,3200
空港線（姪浜方面行き）,33.590075,130.4206079,56,3300
空港線（姪浜方面行き）,33.5900935,130.4201645,57,3320
空港線（姪浜方面行き）,33.590118,130.419983,58,3330
空港線（姪浜方面行き）,33.5901543,130.4198359,59,3340
空港線（姪浜方面行き）,33.5901946,130.419727,60,3350
空港線（姪浜方面行き）,33.5904383,130.4192783,61,3360
空港線（姪浜方面行き）,33.5906053,130.4190196,62,3380
空港線（姪浜方面行き）,33.5911338,130.4183606,63,3400
空港線（姪浜方面行き）,33.5936733,130.4152241,64,3900
空港線（姪浜方面行き）,33.5942745,130.4144234,65,4000
空港線（姪浜方面行き）,33.596264,130.4118178,66,4350
空港線（姪浜方面行き）,33.596469,130.4114276,67,4400
空港線（姪浜方面行き）,33.5965619,130.4111649,68,4450
空港線（姪浜方面行き）,33.5966924,130.4107256,69,4500
空港線（姪浜方面行き）,33.5967412,130.4104636,70,4550
空港線（姪浜方面行き）,33.5967576,130.4102122,71,4600
空港線（姪浜方面行き）,33.5967403,130.4099041,72,4650
空港線（姪浜方面行き）,33.5966909,130.4095426,73,4700
空港線（姪浜方面行き）,33.5966062,130.4092059,74,4750
空港線（姪浜方面行き）,33.5965037,130.4088781,75,4800
空港線（姪浜方面行き）,33.5963551,130.4084926,76,4850
空港線（姪浜方面行き）,33.5962029,130.408188,77,4900
空港線（姪浜方面行き）,33.5959847,130.4078184,78,4950
空港線（姪浜方面行き）,33.5946989,130.4064616,79,5000
空港線（姪浜方面行き）,33.5932632,130.4049912,80,5200
空港線（姪浜方面行き）,33.5929842,130.4046672,81,5250
空港線（姪浜方面行き）,33.5927944,130.4043906,82,5300
空港線（姪浜方面行き）,33.5924278,130.4037975,83,5350
空港線（姪浜方面行き）,33.5923597,130.4036433,84,5370
空港線（姪浜方面行き）,33.5922625,130.4033441,85,5400
空港線（姪浜方面行き）,33.5913358,130.3990196,86,5800
空港線（姪浜方面行き）,33.5912702,130.3986963,87,5850
空港線（姪浜方面行き）,33.5910431,130.3973837,88,6000
空港線（姪浜方面行き）,33.5907483,130.3960946,89,6100
空港線（姪浜方面行き）,33.590607,130.395818,90,6120
空港線（姪浜方面行き）,33.5902791,130.3953925,91,6140
空港線（姪浜方面行き）,33.5901821,130.3951595,92,6160
空港線（姪浜方面行き）,33.5901195,130.3949605,93,6200
空港線（姪浜方面行き）,33.5891194,130.3904722,94,6600
空港線（姪浜方面行き）,33.5888055,130.3889418,95,6850
空港線（姪浜方面行き）,33.5887185,130.3884505,96,6900
空港線（姪浜方面行き）,33.588491,130.3867151,97,6920
空港線（姪浜方面行き）,33.588483,130.386541,98,6940
空港線（姪浜方面行き）,33.5884885,130.3864076,99,6960
空港線（姪浜方面行き）,33.5885114,130.3862618,100,6980
空港線（姪浜方面行き）,33.5889564,130.3831625,101,7200
空港線（姪浜方面行き）,33.5890592,130.3825864,102,7300
空港線（姪浜方面行き）,33.589162,130.3821436,103,7350
空港線（姪浜方面行き）,33.5892848,130.3816974,104,7400
空港線（姪浜方面行き）,33.5898931,130.3796861,105,7600
空港線（姪浜方面行き）,33.5899872,130.3793111,106,7650
空港線（姪浜方面行き）,33.5901089,130.3787498,107,7700
空港線（姪浜方面行き）,33.5901897,130.3780988,108,7800
空港線（姪浜方面行き）,33.5903059,130.3769263,109,7900
空港線（姪浜方面行き）,33.5904158,130.3746374,110,8100
空港線（姪浜方面行き）,33.5904359,130.3733337,111,8200
空港線（姪浜方面行き）,33.5903543,130.3715073,112,8300
空港線（姪浜方面行き）,33.5903169,130.3708792,113,8450
空港線（姪浜方面行き）,33.5902831,130.3705571,114,8500
空港線（姪浜方面行き）,33.5902426,130.3702552,115,8520
空港線（姪浜方面行き）,33.5901817,130.3700324,116,8540
空港線（姪浜方面行き）,33.5901198,130.3698437,117,8560
空港線（姪浜方面行き）,33.5900579,130.3696914,118,8580
空港線（姪浜方面行き）,33.5899408,130.3694755,119,8600
空港線（姪浜方面行き）,33.5875601,130.36512,120,9100
空港線（姪浜方面行き）,33.5855594,130.3623326,121,9400
空港線（姪浜方面行き）,33.5841489,130.360304,122,9600
空港線（姪浜方面行き）,33.5839888,130.3599813,123,9630
空港線（姪浜方面行き）,33.5836972,130.3594731,124,9700
空港線（姪浜方面行き）,33.5835563,130.3591724,125,9750
空港線（姪浜方面行き）,33.5834963,130.3590712,126,9760
空港線（姪浜方面行き）,33.5834461,130.3589216,127,9770
空港線（姪浜方面行き）,33.5833718,130.3586957,128,9800
空港線（姪浜方面行き）,33.5831014,130.357771,129,9900
空港線（姪浜方面行き）,33.581865,130.3506078,130,10580
空港線（姪浜方面行き）,33.5818164,130.3503879,131,10600
空港線（姪浜方面行き）,33.5814595,130.3492507,132,10700
空港線（姪浜方面行き）,33.5813996,130.3490181,133,10730
空港線（姪浜方面行き）,33.5813309,130.3483373,134,10800
空港線（姪浜方面行き）,33.5812552,130.3469098,135,10980
空港線（姪浜方面行き）,33.5810668,130.3455494,136,11100
空港線（姪浜方面行き）,33.5808453,130.342473,137,11400
空港線（姪浜方面行き）,33.5807949,130.3414129,138,11460
空港線（姪浜方面行き）,33.5808181,130.3409404,139,11500
空港線（姪浜方面行き）,33.5808961,130.3400408,140,11600
空港線（姪浜方面行き）,33.5810072,130.3395258,141,11650
空港線（姪浜方面行き）,33.5811926,130.3391111,142,11700
空港線（姪浜方面行き）,33.5813548,130.3388019,143,11750
空港線（姪浜方面行き）,33.5818797,130.3379091,144,11900
空港線（姪浜方面行き）,33.5820324,130.3375964,145,11940
空港線（姪浜方面行き）,33.5822468,130.3371262,146,12000
空港線（姪浜方面行き）,33.582498,130.3364545,147,12100
空港線（姪浜方面行き）,33.5827223,130.3357735,148,12150
空港線（姪浜方面行き）,33.5828166,130.3354491,149,12200
空港線（姪浜方面行き）,33.5829358,130.3349669,150,12300
空港線（姪浜方面行き）,33.5830074,130.3345961,151,12350
空港線（姪浜方面行き）,33.5831281,130.3336974,152,12400
空港線（姪浜方面行き）,33.5832681,130.3321177,153,12430
空港線（姪浜方面行き）,33.5832948,130.3318965,154,12460
空港線（姪浜方面行き）,33.5832907,130.3316771,155,12490
空港線（姪浜方面行き）,33.5835644,130.3273184,156,12950
空港線（姪浜方面行き）,33.5835768,130.3271162,157,12970
空港線（姪浜方面行き）,33.5835559,130.326348,158,13020
空港線（姪浜方面行き）,33.5836301,130.3243964,159,13100
空港線（姪浜方面行き）,33.5836754,130.3240394,160,13120
箱崎線（貝塚方面行き）,33.5947993,130.4063125,0,0
箱崎線（貝塚方面行き）,33.5980814,130.4095597,1,500
箱崎線（貝塚方面行き）,33.6023592,130.4138922,2,1200
箱崎線（貝塚方面行き）,33.6040874,130.4156512,3,1450
箱崎線（貝塚方面行き）,33.6046505,130.4157002,4,1500
箱崎線（貝塚方面行き）,33.6049356,130.4157653,5,1550
箱崎線（貝塚方面行き）,33.6053269,130.4159464,6,1600
箱崎線（貝塚方面行き）,33.6099319,130.419817,7,2100
箱崎線（貝塚方面行き）,33.6111847,130.4207146,8,2300
箱崎線（貝塚方面行き）,33.6121039,130.4212875,9,2450
箱崎線（貝塚方面行き）,33.6123609,130.4213091,10,2500
箱崎線（貝塚方面行き）,33.6126255,130.4212444,11,2550
箱崎線（貝塚方面行き）,33.6131003,130.4210811,12,2600
箱崎線（貝塚方面行き）,33.6134411,130.4209174,13,2650
箱崎線（貝塚方面行き）,33.6137729,130.4207074,14,2700
箱崎線（貝塚方面行き）,33.6151754,130.4198543,15,2900
箱崎線（貝塚方面行き）,33.6173385,130.4187201,16,3000
箱崎線（貝塚方面行き）,33.6176319,130.4186516,17,3050
箱崎線（貝塚方面行き）,33.6180696,130.4186512,18,3100
箱崎線（貝塚方面行き）,33.6183096,130.4187222,19,3150
箱崎線（貝塚方面行き）,33.618637,130.4188583,20,3200
箱崎線（貝塚方面行き）,33.6195985,130.4193676,21,3300
箱崎線（貝塚方面行き）,33.6205911,130.4199927,22,3450
箱崎線（貝塚方面行き）,33.6215762,130.4206304,23,3600
箱崎線（貝塚方面行き）,33.6226522,130.4213555,24,3700
箱崎線（貝塚方面行き）,33.6243495,130.4224993,25,3850
箱崎線（貝塚方面行き）,33.6255397,130.4231645,26,4000
箱崎線（貝塚方面行き）,33.6268252,130.4238245,27,4150
箱崎線（貝塚方面行き）,33.6276533,130.4241764,28,4300
箱崎線（貝塚方面行き）,33.6280111,130.4243094,29,4350
箱崎線（貝塚方面行き）,33.6283586,130.4244638,30,4400
箱崎線（貝塚方面行き）,33.629541,130.424871,31,4500
箱崎線（貝塚方面行き）,33.6303555,130.4251154,32,4600
箱崎線（貝塚方面行き）,33.6305635,130.4251778,33,4630
箱崎線（貝塚方面行き）,33.6307733,130.4252312,34,4660
箱崎線（貝塚方面行き）,33.6315093,130.4253617,35,4680
箱崎線（貝塚方面行き）,33.6319027,130.4254348,36,4700
箱崎線（貝塚方面行き）,33.6320955,130.4254574,37,4710
箱崎線（貝塚方面行き）,33.6322659,130.4254697,38,4720
箱崎線（貝塚方面行き）,33.6326868,130.4255059,39,4730
箱崎線（中洲川端方面行き）,33.632612,130.4257192,0,0
箱崎線（中洲川端方面行き）,33.6322201,130.425683,1,20
箱崎線（中洲川端方面行き）,33.632082,130.425663,2,50
箱崎線（中洲川端方面行き）,33.6318776,130.4256265,3,80
箱崎線（中洲川端方面行き）,33.6314835,130.4255304,4,100
箱崎線（中洲川端方面行き）,33.6307599,130.4252994,5,120
箱崎線（中洲川端方面行き）,33.6305557,130.4252284,6,150
箱崎線（中洲川端方面行き）,33.6303468,130.4251625,7,180
箱崎線（中洲川端方面行き）,33.6298503,130.4250059,8,200
箱崎線（中洲川端方面行き）,33.6295333,130.4249059,9,250
箱崎線（中洲川端方面行き）,33.6283446,130.4245151,10,300
箱崎線（中洲川端方面行き）,33.6279955,130.4243599,11,350
箱崎線（中洲川端方面行き）,33.6276533,130.4241764,12,400
箱崎線（中洲川端方面行き）,33.6268252,130.4238245,13,500
箱崎線（中洲川端方面行き）,33.6255397,130.4231645,14,700
箱崎線（中洲川端方面行き）,33.6243495,130.4224993,15,900
箱崎線（中洲川端方面行き）,33.6226522,130.4213555,16,1000
箱崎線（中洲川端方面行き）,33.6215762,130.4206304,17,1100
箱崎線（中洲川端方面行き）,33.6205911,130.4199927,18,1200
箱崎線（中洲川端方面行き）,33.6195985,130.4193676,19,1300
箱崎線（中洲川端方面行き）,33.618637,130.4188583,20,1400
箱崎線（中洲川端方面行き）,33.6183096,130.4187222,21,1450
箱崎線（中洲川端方面行き）,33.6180696,130.4186512,22,1500
箱崎線（中洲川端方面行き）,33.6176319,130.4186516,23,1550
箱崎線（中洲川端方面行き）,33.6173385,130.4187201,24,1600
箱崎線（中洲川端方面行き）,33.6151754,130.4198543,25,1800
箱崎線（中洲川端方面行き）,33.6137729,130.4207074,26,1950
箱崎線（中洲川端方面行き）,33.6134411,130.4209174,27,2000
箱崎線（中洲川端方面行き）,33.6131003,130.4210811,28,2100
箱崎線（中洲川端方面行き）,33.6126255,130.4212444,29,2200
箱崎線（中洲川端方面行き）,33.6123609,130.4213091,30,2250
箱崎線（中洲川端方面行き）,33.6121039,130.4212875,31,2300
箱崎線（中洲川端方面行き）,33.6111847,130.4207146,32,2450
箱崎線（中洲川端方面行き）,33.6099319,130.419817,33,2600
箱崎線（中洲川端方面行き）,33.6053269,130.4159464,34,3100
箱崎線（中洲川端方面行き）,33.6049356,130.4157653,35,3150
箱崎線（中洲川端方面行き）,33.6046505,130.4157002,36,3200
箱崎線（中洲川端方面行き）,33.6040874,130.4156512,37,3250
箱崎線（中洲川端方面行き）,33.6023592,130.4138922,38,3500
箱崎線（中洲川端方面行き）,33.5980814,130.4095597,39,4200
箱崎線（中洲川端方面行き）,33.5947993,130.4063125,40,4700
七隈線（天神南方面行き）,33.5556137,130.3202184,0,0
七隈線（天神南方面行き）,33.5549815,130.3208885,1,100
七隈線（天神南方面行き）,33.5541616,130.3218641,2,200
七隈線（天神南方面行き）,33.5536371,130.3226499,3,250
七隈線（天神南方面行き）,33.5534049,130.3231179,4,300
七隈線（天神南方面行き）,33.55307,130.3239289,5,400
七隈線（天神南方面行き）,33.5527756,130.3249002,6,500
七隈線（天神南方面行き）,33.5526798,130.3256079,7,600
七隈線（天神南方面行き）,33.552611,130.3288137,8,1000
七隈線（天神南方面行き）,33.5504414,130.337852,9,1700
七隈線（天神南方面行き）,33.5502481,130.3386571,10,1750
七隈線（天神南方面行き）,33.5500953,130.3393343,11,1800
七隈線（天神南方面行き）,33.5498793,130.3402291,12,1900
七隈線（天神南方面行き）,33.5480033,130.347386,13,2600
七隈線（天神南方面行き）,33.5473711,130.3497978,14,2800
七隈線（天神南方面行き）,33.5468923,130.351404,15,3000
七隈線（天神南方面行き）,33.5464848,130.3527828,16,3100
七隈線（天神南方面行き）,33.5461445,130.3538903,17,3200
七隈線（天神南方面行き）,33.5459428,130.3545797,18,3300
七隈線（天神南方面行き）,33.5457454,130.3552683,19,3400
七隈線（天神南方面行き）,33.5456392,130.3556163,20,3450
七隈線（天神南方面行き）,33.5452521,130.3570245,21,3500
七隈線（天神南方面行き）,33.5451624,130.3576723,22,3600
七隈線（天神南方面行き）,33.545138,130.3582444,23,3700
七隈線（天神南方面行き）,33.5451492,130.3611669,24,4000
七隈線（天神南方面行き）,33.5453941,130.3618376,25,4050
七隈線（天神南方面行き）,33.5456506,130.3621384,26,4100
七隈線（天神南方面行き）,33.5459618,130.3623597,27,4150
七隈線（天神南方面行き）,33.5463162,130.3624876,28,4170
七隈線（天神南方面行き）,33.5465179,130.3624945,29,4190
七隈線（天神南方面行き）,33.5466419,130.3625049,30,4210
七隈線（天神南方面行き）,33.5467571,130.3624876,31,4230
七隈線（天神南方面行き）,33.5469646,130.362453,32,4250
七隈線（天神南方面行き）,33.5471144,130.3624254,33,4270
七隈線（天神南方面行き）,33.5472326,130.3624046,34,4280
七隈線（天神南方面行き）,33.5473153,130.3623881,35,4290
七隈線（天神南方面行き）,33.5474145,130.3623683,36,4300
七隈線（天神南方面行き）,33.5476739,130.3623061,37,4330
七隈線（天神南方面行き）,33.5480081,130.3622093,38,4360
七隈線（天神南方面行き）,33.5484749,130.3620987,39,4390
七隈線（天神南方面行き）,33.5489027,130.3620908,40,4420
七隈線（天神南方面行き）,33.5510089,130.3619181,41,4600
七隈線（天神南方面行き）,33.5528097,130.361744,42,4900
七隈線（天神南方面行き）,33.5531037,130.3617303,43,4950
七隈線（天神南方面行き）,33.557155,130.3612885,44,5400
七隈線（天神南方面行き）,33.5577839,130.3612209,45,5450
七隈線（天神南方面行き）,33.5581525,130.3612095,46,5500
七隈線（天神南方面行き）,33.5583171,130.361214,47,5550
七隈線（天神南方面行き）,33.558648,130.3612689,48,5600
七隈線（天神南方面行き）,33.5595703,130.3617442,49,5700
七隈線（天神南方面行き）,33.5601123,130.3620235,50,5800
七隈線（天神南方面行き）,33.5614335,130.3626977,51,5900
七隈線（天神南方面行き）,33.5620871,130.3630326,52,6000
七隈線（天神南方面行き）,33.5627395,130.3633919,53,6100
七隈線（天神南方面行き）,33.565007,130.3648145,54,6400
七隈線（天神南方面行き）,33.5661159,130.3655153,55,6500
七隈線（天神南方面行き）,33.566378,130.3656714,56,6600
七隈線（天神南方面行き）,33.5666986,130.3658623,57,6700
七隈線（天神南方面行き）,33.5672538,130.3662331,58,6750
七隈線（天神南方面行き）,33.567864,130.366745,59,6800
七隈線（天神南方面行き）,33.5684869,130.3672729,60,6900
七隈線（天神南方面行き）,33.5689528,130.3674768,61,6950
七隈線（天神南方面行き）,33.569323,130.367605,62,7000
七隈線（天神南方面行き）,33.5697485,130.3677446,63,7050
七隈線（天神南方面行き）,33.5701735,130.3678996,64,7100
七隈線（天神南方面行き）,33.5708785,130.3680909,65,7150
七隈線（天神南方面行き）,33.573484,130.368053,66,7400
七隈線（天神南方面行き）,33.5742281,130.3694708,67,7500
七隈線（天神南方面行き）,33.5746524,130.370418,68,7600
七隈線（天神南方面行き）,33.5761529,130.3737681,69,7900
七隈線（天神南方面行き）,33.5762387,130.3739598,70,7950
七隈線（天神南方面行き）,33.5771167,130.37592,71,8200
七隈線（天神南方面行き）,33.5776204,130.3769685,72,8300
七隈線（天神南方面行き）,33.5784915,130.3787818,73,8400
七隈線（天神南方面行き）,33.5784868,130.3789142,74,8450
七隈線（天神南方面行き）,33.5784327,130.3792314,75,8500
七隈線（天神南方面行き）,33.5781149,130.3803078,76,8600
七隈線（天神南方面行き）,33.5779971,130.3818793,77,8700
七隈線（天神南方面行き）,33.5777093,130.3837214,78,8800
七隈線（天神南方面行き）,33.5774571,130.3860116,79,9000
七隈線（天神南方面行き）,33.5773755,130.3869249,80,9200
七隈線（天神南方面行き）,33.5772542,130.3882837,81,9300
七隈線（天神南方面行き）,33.5773008,130.3895364,82,9400
七隈線（天神南方面行き）,33.5774917,130.3907367,83,9500
七隈線（天神南方面行き）,33.5775901,130.3910994,84,9600
七隈線（天神南方面行き）,33.5777464,130.3914565,85,9650
七隈線（天神南方面行き）,33.5779263,130.3917359,86,9700
七隈線（天神南方面行き）,33.5784187,130.3921866,87,9800
七隈線（天神南方面行き）,33.5788824,130.3925299,88,9900
七隈線（天神南方面行き）,33.5794318,130.3932548,89,10000
七隈線（天神南方面行き）,33.5805365,130.396267,90,10150
七隈線（天神南方面行き）,33.5807052,130.3967089,91,10200
七隈線（天神南方面行き）,33.5814174,130.3987025,92,10500
七隈線（天神南方面行き）,33.5816669,130.399388,93,10550
七隈線（天神南方面行き）,33.5818169,130.4000765,94,10600
七隈線（天神南方面行き）,33.5818778,130.4008322,95,10700
七隈線（天神南方面行き）,33.5818435,130.4015215,96,10800
七隈線（天神南方面行き）,33.5817757,130.4028826,97,10850
七隈線（天神南方面行き）,33.5818054,130.4034462,98,10900
七隈線（天神南方面行き）,33.5818996,130.4040082,99,10950
七隈線（天神南方面行き）,33.5821258,130.40475,100,11000
七隈線（天神南方面行き）,33.5824079,130.405499,101,11100
七隈線（天神南方面行き）,33.5826132,130.4057213,102,11150
七隈線（天神南方面行き）,33.5828962,130.4057547,103,11200
七隈線（天神南方面行き）,33.5837426,130.4050062,104,11300
七隈線（天神南方面行き）,33.5846598,130.404195,105,11400
七隈線（天神南方面行き）,33.5878263,130.4013778,106,11700
七隈線（天神南方面行き）,33.5879125,130.401365,107,11750
七隈線（天神南方面行き）,33.5880309,130.4013918,108,11800
七隈線（天神南方面行き）,33.5881471,130.4014723,109,11850
七隈線（天神南方面行き）,33.588217,130.401542,110,11900
七隈線（天神南方面行き）,33.5883058,130.4017106,111,11950
七隈線（天神南方面行き）,33.5885707,130.4022468,112,12000
七隈線（橋本方面行き）,33.5885707,130.4022468,0,0
七隈線（橋本方面行き）,33.5883058,130.4017106,1,30
七隈線（橋本方面行き）,33.588217,130.401542,2,40
七隈線（橋本方面行き）,33.5881471,130.4014723,3,50
七隈線（橋本方面行き）,33.5880309,130.4013918,4,60
七隈線（橋本方面行き）,33.5879125,130.401365,5,80
七隈線（橋本方面行き）,33.5878263,130.4013778,6,100
七隈線（橋本方面行き）,33.5846598,130.404195,7,500
七隈線（橋本方面行き）,33.5837426,130.4050062,8,700
七隈線（橋本方面行き）,33.5828962,130.4057547,9,750
七隈線（橋本方面行き）,33.5826132,130.4057213,10,800
七隈線（橋本方面行き）,33.5824079,130.405499,11,850
七隈線（橋本方面行き）,33.5821258,130.40475,12,900
七隈線（橋本方面行き）,33.5818996,130.4040082,13,1000
七隈線（橋本方面行き）,33.5818054,130.4034462,14,1050
七隈線（橋本方面行き）,33.5817757,130.4028826,15,1100
七隈線（橋本方面行き）,33.5818435,130.4015215,16,1200
七隈線（橋本方面行き）,33.5818778,130.4008322,17,1300
七隈線（橋本方面行き）,33.5818169,130.4000765,18,1400
七隈線（橋本方面行き）,33.5816669,130.399388,19,1500
七隈線（橋本方面行き）,33.5814174,130.3987025,20,1600
七隈線（橋本方面行き）,33.5807052,130.3967089,21,1700
七隈線（橋本方面行き）,33.5805365,130.396267,22,1800
七隈線（橋本方面行き）,33.5794318,130.3932548,23,2100
七隈線（橋本方面行き）,33.5788824,130.3925299,24,2200
七隈線（橋本方面行き）,33.5784187,130.3921866,25,2300
七隈線（橋本方面行き）,33.5779263,130.3917359,26,2350
七隈線（橋本方面行き）,33.5777464,130.3914565,27,2400
七隈線（橋本方面行き）,33.5775901,130.3910994,28,2450
七隈線（橋本方面行き）,33.5774917,130.3907367,29,2500
七隈線（橋本方面行き）,33.5773008,130.3895364,30,2600
七隈線（橋本方面行き）,33.5772542,130.3882837,31,2700
七隈線（橋本方面行き）,33.5773755,130.3869249,32,2800
七隈線（橋本方面行き）,33.5774571,130.3860116,33,2900
七隈線（橋本方面行き）,33.5777093,130.3837214,34,3200
七隈線（橋本方面行き）,33.5779971,130.3818793,35,3300
七隈線（橋本方面行き）,33.5781149,130.3803078,36,3350
七隈線（橋本方面行き）,33.5784327,130.3792314,37,3400
七隈線（橋本方面行き）,33.5784868,130.3789142,38,3450
七隈線（橋本方面行き）,33.5784915,130.3787818,39,3500
七隈線（橋本方面行き）,33.5776204,130.3769685,40,3700
七隈線（橋本方面行き）,33.5771167,130.37592,41,3800
七隈線（橋本方面行き）,33.5762387,130.3739598,42,4000
七隈線（橋本方面行き）,33.5761529,130.3737681,43,4100
七隈線（橋本方面行き）,33.5746524,130.370418,44,4400
七隈線（橋本方面行き）,33.5742281,130.3694708,45,4500
七隈線（橋本方面行き）,33.573484,130.368053,46,4600
七隈線（橋本方面行き）,33.5708785,130.3680909,47,4800
七隈線（橋本方面行き）,33.5701735,130.3678996,48,4850
七隈線（橋本方面行き）,33.5697485,130.3677446,49,4900
七隈線（橋本方面行き）,33.569323,130.367605,50,5000
七隈線（橋本方面行き）,33.5689528,130.3674768,51,5050
七隈線（橋本方面行き）,33.5684869,130.3672729,52,5100
七隈線（橋本方面行き）,33.567864,130.366745,53,5150
七隈線（橋本方面行き）,33.5672538,130.3662331,54,5200
七隈線（橋本方面行き）,33.5666986,130.3658623,55,5300
七隈線（橋本方面行き）,33.566378,130.3656714,56,5400
七隈線（橋本方面行き）,33.5661159,130.3655153,57,5500
七隈線（橋本方面行き）,33.565007,130.3648145,58,5700
七隈線（橋本方面行き）,33.5627395,130.3633919,59,5900
七隈線（橋本方面行き）,33.5620871,130.3630326,60,6000
七隈線（橋本方面行き）,33.5614335,130.3626977,61,6100
七隈線（橋本方面行き）,33.5601123,130.3620235,62,6200
七隈線（橋本方面行き）,33.5595703,130.3617442,63,6300
七隈線（橋本方面行き）,33.558648,130.3612689,64,6350
七隈線（橋本方面行き）,33.5583171,130.361214,65,6400
七隈線（橋本方面行き）,33.5581525,130.3612095,66,6450
七隈線（橋本方面行き）,33.5577839,130.3612209,67,6500
七隈線（橋本方面行き）,33.557155,130.3612885,68,6600
七隈線（橋本方面行き）,33.5531037,130.3617303,69,7000
七隈線（橋本方面行き）,33.5528097,130.361744,70,7100
七隈線（橋本方面行き）,33.5510089,130.3619181,71,7300
七隈線（橋本方面行き）,33.5489027,130.3620908,72,7500
七隈線（橋本方面行き）,33.5484749,130.3620987,73,7530
七隈線（橋本方面行き）,33.5480081,130.3622093,74,7560
七隈線（橋本方面行き）,33.5476739,130.3623061,75,7590
七隈線（橋本方面行き）,33.5474145,130.3623683,76,7620
七隈線（橋本方面行き）,33.5473153,130.3623881,77,7650
七隈線（橋本方面行き）,33.5472326,130.3624046,78,7680
七隈線（橋本方面行き）,33.5471144,130.3624254,79,7700
七隈線（橋本方面行き）,33.5469646,130.362453,80,7730
七隈線（橋本方面行き）,33.5467571,130.3624876,81,7750
七隈線（橋本方面行き）,33.5466419,130.3625049,82,7770
七隈線（橋本方面行き）,33.5465179,130.3624945,83,7800
七隈線（橋本方面行き）,33.5463162,130.3624876,84,7850
七隈線（橋本方面行き）,33.5459618,130.3623597,85,7900
七隈線（橋本方面行き）,33.5456506,130.3621384,86,7950
七隈線（橋本方面行き）,33.5453941,130.3618376,87,8000
七隈線（橋本方面行き）,33.5451492,130.3611669,88,8050
七隈線（橋本方面行き）,33.545138,130.3582444,89,8250
七隈線（橋本方面行き）,33.5451624,130.3576723,90,8300
七隈線（橋本方面行き）,33.5452521,130.3570245,91,8400
七隈線（橋本方面行き）,33.5456392,130.3556163,92,8550
七隈線（橋本方面行き）,33.5457454,130.3552683,93,8600
七隈線（橋本方面行き）,33.5459428,130.3545797,94,8700
七隈線（橋本方面行き）,33.5461445,130.3538903,95,8800
七隈線（橋本方面行き）,33.5464848,130.3527828,96,8900
七隈線（橋本方面行き）,33.5468923,130.351404,97,9000
七隈線（橋本方面行き）,33.5473711,130.3497978,98,9200
七隈線（橋本方面行き）,33.5480033,130.347386,99,9400
七隈線（橋本方面行き）,33.5498793,130.3402291,100,10100
七隈線（橋本方面行き）,33.5500953,130.3393343,101,10150
七隈線（橋本方面行き）,33.5502481,130.3386571,102,10200
七隈線（橋本方面行き）,33.5504414,130.337852,103,10300
七隈線（橋本方面行き）,33.552611,130.3288137,104,11000
七隈線（橋本方面行き）,33.5526798,130.3256079,105,11300
七隈線（橋本方面行き）,33.5527756,130.3249002,106,11400
七隈線（橋本方面行き）,33.55307,130.3239289,107,11500
七隈線（橋本方面行き）,33.5534049,130.3231179,108,11600
七隈線（橋本方面行き）,33.5536371,130.3226499,109,11700
七隈線（橋本方面行き）,33.5541616,130.3218641,110,11800
七隈線（橋本方面行き）,33.5549815,130.3208885,111,12000
七隈線（橋本方面行き）,33.5556137,130.3202184,112,12100
